[Lattice]
Nx = 200
Ny = 200
U0x = 0.05
U0y = 0.00

[Physics]
X=0.01

beta = 0.00021
Nu_l = 0.00000179

Tc = 293.15
Th = 333.15

C_l = 4182
kappa_l = 0.6
Rho_l = 998.0

C_s = 1470
kappa_s = 0.19
Rho_s = 1190.0

Ux = 0.01
Uy = 0