[Lattice]
Nx = 200
Ny = 200
U0x = 0.05
U0y = 0.00

[Physics]
X=0.01

beta = 0.00021
Nu_l = 0.00000179

Tc = 273.15
Th = 333.15
P = 0.5

C_l = 4182
kappa_l = 0.6
Rho_l = 998.0

C_s = 900
kappa_s = 237.0
Rho_s = 2700

Ux = 0.01
Uy = 0